2028-Jul-01 00:00:00,156.5877177, 26.1051008
2028-Jul-01 01:00:00,208.0333365, 21.7991620
2028-Jul-01 02:00:00,253.7219532,  3.3838979
2028-Jul-01 03:00:00,298.1825299,-17.1632975
2028-Jul-01 04:00:00,349.2104286,-26.7733962
2028-Jul-01 05:00:00, 39.4925450,-18.3046548
2028-Jul-01 06:00:00, 82.0289992,  0.7966978
2028-Jul-01 07:00:00,124.6582327, 19.3860217
2028-Jul-01 08:00:00,174.5809853, 26.7179894
2028-Jul-01 09:00:00,224.5778295, 16.4735576
2028-Jul-01 10:00:00,268.7029338, -4.1432002
2028-Jul-01 11:00:00,315.0597456,-22.3616767
2028-Jul-01 12:00:00,  7.4463140,-25.7607759
2028-Jul-01 13:00:00, 54.8719845,-12.2897174
2028-Jul-01 14:00:00, 96.2405137,  7.8194987
2028-Jul-01 15:00:00,141.1216678, 23.7461858
2028-Jul-01 16:00:00,192.5570312, 25.0555475
2028-Jul-01 17:00:00,240.2580453,  9.8790392
2028-Jul-01 18:00:00,283.9890295,-11.3938579
2028-Jul-01 19:00:00,332.8925728,-25.6902082
2028-Jul-01 20:00:00, 24.9084944,-22.5877770
2028-Jul-01 21:00:00, 69.4339615, -5.5059264
2028-Jul-01 22:00:00,110.9177595, 14.3508127
2028-Jul-01 23:00:00,158.5752739, 26.2773718
2028-Jul-02 00:00:00,209.9140962, 21.2809150
2028-Jul-02 01:00:00,255.3762356,  2.5542132
2028-Jul-02 02:00:00,299.9976076,-17.8091617
2028-Jul-02 03:00:00,351.2514426,-26.7689993
2028-Jul-02 04:00:00, 41.2568066,-17.6824213
2028-Jul-02 05:00:00, 83.6096826,  1.5937141
2028-Jul-02 06:00:00,126.4461437, 19.9452910
2028-Jul-02 07:00:00,176.5936024, 26.6377625
2028-Jul-02 08:00:00,226.3498892, 15.7917922
2028-Jul-02 09:00:00,270.3681757, -4.9669806
2028-Jul-02 10:00:00,316.9926799,-22.8250309
2028-Jul-02 11:00:00,  9.4351529,-25.5008540
2028-Jul-02 12:00:00, 56.5300391,-11.5577108
2028-Jul-02 13:00:00, 97.8520187,  8.5806719
2028-Jul-02 14:00:00,143.0269281, 24.1206387
2028-Jul-02 15:00:00,194.5232271, 24.7275790
2028-Jul-02 16:00:00,241.9490288,  9.0922168
2028-Jul-02 17:00:00,285.7158383,-12.1506357
2028-Jul-02 18:00:00,334.9114737,-25.9177091
2028-Jul-02 19:00:00, 26.7835476,-22.1120530
2028-Jul-02 20:00:00, 71.0294345, -4.7180173
2028-Jul-02 21:00:00,112.6098104, 15.0287678
2028-Jul-02 22:00:00,160.5687621, 26.4221683
2028-Jul-02 23:00:00,211.7813240, 20.7421517
2028-Jul-03 00:00:00,257.0285121,  1.7227630
2028-Jul-03 01:00:00,301.8258889,-18.4377719
2028-Jul-03 02:00:00,353.2914804,-26.7351020
2028-Jul-03 03:00:00, 43.0081493,-17.0448355
2028-Jul-03 04:00:00, 85.1911830,  2.3888800
2028-Jul-03 05:00:00,128.2466987, 20.4860063
2028-Jul-03 06:00:00,178.6041333, 26.5288212
2028-Jul-03 07:00:00,228.1119344, 15.0952122
2028-Jul-03 08:00:00,272.0389309, -5.7864257
2028-Jul-03 09:00:00,318.9375171,-23.2640809
2028-Jul-03 10:00:00, 11.4126940,-25.2146181
2028-Jul-03 11:00:00, 58.1785792,-10.8174335
2028-Jul-03 12:00:00, 99.4706936,  9.3345775
2028-Jul-03 13:00:00,144.9446168, 24.4711936
2028-Jul-03 14:00:00,196.4800632, 24.3741055
2028-Jul-03 15:00:00,243.6329634,  8.2982047
2028-Jul-03 16:00:00,287.4517540,-12.8957108
2028-Jul-03 17:00:00,336.9366476,-26.1169354
2028-Jul-03 18:00:00, 28.6458382,-21.6153738
2028-Jul-03 19:00:00, 72.6219894, -3.9266219
2028-Jul-03 20:00:00,114.3128038, 15.6938230
2028-Jul-03 21:00:00,162.5666129, 26.5391030
2028-Jul-03 22:00:00,213.6354619, 20.1834884
2028-Jul-03 23:00:00,258.6802579,  0.8900437
2028-Jul-04 00:00:00,303.6679224,-19.0482783
2028-Jul-04 01:00:00,355.3290859,-26.6717989
2028-Jul-04 02:00:00, 44.7464079,-16.3930568
2028-Jul-04 03:00:00, 86.7740707,  3.1811932
2028-Jul-04 04:00:00,130.0604242, 21.0074691
2028-Jul-04 05:00:00,180.6124438, 26.3914150
2028-Jul-04 06:00:00,229.8644691, 14.3848736
2028-Jul-04 07:00:00,273.7149136, -6.6002013
2028-Jul-04 08:00:00,320.8929875,-23.6782470
2028-Jul-04 09:00:00, 13.3786586,-24.9028881
2028-Jul-04 10:00:00, 59.8188213,-10.0694068
2028-Jul-04 11:00:00,101.0972430, 10.0807974
2028-Jul-04 12:00:00,146.8737898, 24.7974867
2028-Jul-04 13:00:00,198.4263599, 23.9959776
2028-Jul-04 14:00:00,245.3102071,  7.4978568
2028-Jul-04 15:00:00,289.1976331,-13.6286568
2028-Jul-04 16:00:00,338.9681239,-26.2877567
2028-Jul-04 17:00:00, 30.4953749,-21.0983356
2028-Jul-04 18:00:00, 74.2113648, -3.1327679
2028-Jul-04 19:00:00,116.0263112, 16.3449894
2028-Jul-04 20:00:00,164.5681382, 26.6280261
2028-Jul-04 21:00:00,215.4773370, 19.6054914
2028-Jul-04 22:00:00,260.3325427,  0.0566641
2028-Jul-04 23:00:00,305.5235234,-19.6398396
2028-Jul-05 00:00:00,357.3624894,-26.5794961
2028-Jul-05 01:00:00, 46.4716477,-15.7282145
2028-Jul-05 02:00:00, 88.3592538,  3.9700686
2028-Jul-05 03:00:00,131.8880034, 21.5093874
2028-Jul-05 04:00:00,182.6178861, 26.2260327
2028-Jul-05 05:00:00,231.6070651, 13.6619983
2028-Jul-05 06:00:00,275.3957629, -7.4073480
2028-Jul-05 07:00:00,322.8586359,-24.0672980
2028-Jul-05 08:00:00, 15.3332106,-24.5662283
2028-Jul-05 09:00:00, 61.4515887, -9.3139507
2028-Jul-05 10:00:00,102.7318592, 10.8189148
2028-Jul-05 11:00:00,148.8132706, 25.0991259
2028-Jul-05 12:00:00,200.3612678, 23.5938047
2028-Jul-05 13:00:00,246.9815884,  6.6915408
2028-Jul-05 14:00:00,290.9546991,-14.3492258
2028-Jul-05 15:00:00,341.0054018,-26.4298663
2028-Jul-05 16:00:00, 32.3312415,-20.5617559
2028-Jul-05 17:00:00, 75.7973278, -2.3374602
2028-Jul-05 18:00:00,117.7506869, 16.9816242
2028-Jul-05 19:00:00,166.5732146, 26.6888055
2028-Jul-05 20:00:00,217.3075386, 19.0086932
2028-Jul-05 21:00:00,261.9858727, -0.7766334
2028-Jul-05 22:00:00,307.3920705,-20.2116297
2028-Jul-05 23:00:00,359.3901401,-26.4586313
2028-Jul-06 00:00:00, 48.1844447,-15.0510280
2028-Jul-06 01:00:00, 89.9479598,  4.7553823
2028-Jul-06 02:00:00,133.7298158, 21.9915088
2028-Jul-06 03:00:00,184.6188605, 26.0330752
2028-Jul-06 04:00:00,233.3391011, 12.9275640
2028-Jul-06 05:00:00,277.0818897, -8.2073709
2028-Jul-06 06:00:00,324.8347016,-24.4309183
2028-Jul-06 07:00:00, 17.2764021,-24.2048777
2028-Jul-06 08:00:00, 63.0772842, -8.5513911
2028-Jul-06 09:00:00,104.3745842, 11.5483018
2028-Jul-06 10:00:00,150.7620983, 25.3754850
2028-Jul-06 11:00:00,202.2845334, 23.1678427
2028-Jul-06 12:00:00,248.6484090,  5.8793876
2028-Jul-06 13:00:00,292.7240554,-15.0568320
2028-Jul-06 14:00:00,343.0469044,-26.5427749
2028-Jul-06 15:00:00, 34.1524119,-20.0065902
2028-Jul-06 16:00:00, 77.3804265, -1.5414217
2028-Jul-06 17:00:00,119.4869441, 17.6032164
2028-Jul-06 18:00:00,168.5816060, 26.7212313
2028-Jul-06 19:00:00,219.1261642, 18.3937666
2028-Jul-06 20:00:00,263.6404190, -1.6089159
2028-Jul-06 21:00:00,309.2730003,-20.7628031
2028-Jul-06 22:00:00,  1.4111513,-26.3095144
2028-Jul-06 23:00:00, 49.8859140,-14.3618230
2028-Jul-07 00:00:00, 91.5413574,  5.5370365
2028-Jul-07 01:00:00,135.5853958, 22.4531705
2028-Jul-07 02:00:00,186.6133474, 25.8127882
2028-Jul-07 03:00:00,235.0607092, 12.1822279
2028-Jul-07 04:00:00,278.7745221, -8.9998863
2028-Jul-07 05:00:00,326.8214893,-24.7684936
2028-Jul-07 06:00:00, 19.2078691,-23.8190673
2028-Jul-07 07:00:00, 64.6961161, -7.7823856
2028-Jul-07 08:00:00,106.0256265, 12.2680124
2028-Jul-07 09:00:00,152.7197497, 25.6257945
2028-Jul-07 10:00:00,204.1965016, 22.7182843
2028-Jul-07 11:00:00,250.3120740,  5.0618313
2028-Jul-07 12:00:00,294.5059837,-15.7503202
2028-Jul-07 13:00:00,345.0904208,-26.6261483
2028-Jul-07 14:00:00, 35.9586570,-19.4338224
2028-Jul-07 15:00:00, 78.9619091, -0.7451866
2028-Jul-07 16:00:00,121.2360847, 18.2092048
2028-Jul-07 17:00:00,170.5924754, 26.7251950
2028-Jul-07 18:00:00,220.9329434, 17.7616764
2028-Jul-07 19:00:00,265.2963689, -2.4391467
2028-Jul-07 20:00:00,311.1661790,-21.2926190
2028-Jul-07 21:00:00,  3.4253567,-26.1324041
2028-Jul-07 22:00:00, 51.5772505,-13.6608744
2028-Jul-07 23:00:00, 93.1399440,  6.3144436
2028-Jul-08 00:00:00,137.4535551, 22.8933729
2028-Jul-08 01:00:00,188.5999220, 25.5654510
2028-Jul-08 02:00:00,236.7729055, 11.4265178
2028-Jul-08 03:00:00,280.4751085, -9.7843410
2028-Jul-08 04:00:00,328.8187474,-25.0792981
2028-Jul-08 05:00:00, 21.1268308,-23.4094069
2028-Jul-08 06:00:00, 66.3083148, -7.0079856
2028-Jul-08 07:00:00,107.6854831, 12.9770279
2028-Jul-08 08:00:00,154.6861126, 25.8494835
2028-Jul-08 09:00:00,206.0977258, 22.2456505
2028-Jul-08 10:00:00,251.9733610,  4.2398939
2028-Jul-08 11:00:00,296.2998547,-16.4283655
2028-Jul-08 12:00:00,347.1341395,-26.6800682
2028-Jul-08 13:00:00, 37.7506026,-18.8443597
2028-Jul-08 14:00:00, 80.5430913,  0.0508044
2028-Jul-08 15:00:00,122.9985313, 18.7990360
2028-Jul-08 16:00:00,172.6043851, 26.7008449
2028-Jul-08 17:00:00,222.7275426, 17.1135394
2028-Jul-08 18:00:00,266.9541842, -3.2664797
2028-Jul-08 19:00:00,313.0719870,-21.8006054
2028-Jul-08 20:00:00,  5.4328317,-25.9275843
2028-Jul-08 21:00:00, 53.2589780,-12.9487756
2028-Jul-08 22:00:00, 94.7434540,  7.0865395
2028-Jul-08 23:00:00,139.3332520, 23.3112531
2028-Jul-09 00:00:00,190.5781362, 25.2914540
2028-Jul-09 01:00:00,238.4770265, 10.6609630
2028-Jul-09 02:00:00,282.1846633,-10.5600057
2028-Jul-09 03:00:00,330.8254453,-25.3627705
2028-Jul-09 04:00:00, 23.0323272,-22.9769058
2028-Jul-09 05:00:00, 67.9143073, -6.2292724
2028-Jul-09 06:00:00,109.3549696, 13.6746615
2028-Jul-09 07:00:00,156.6612163, 26.0463776
2028-Jul-09 08:00:00,207.9882469, 21.7508500
2028-Jul-09 09:00:00,253.6321085,  3.4148783
2028-Jul-09 10:00:00,298.1049744,-17.0900456
2028-Jul-09 11:00:00,349.1771387,-26.7048688
2028-Jul-09 12:00:00, 39.5291558,-18.2388723
2028-Jul-09 13:00:00, 82.1248346,  0.8462135
2028-Jul-09 14:00:00,124.7740838, 19.3722146
2028-Jul-09 15:00:00,174.6156792, 26.6484357
2028-Jul-09 16:00:00,224.5098911, 16.4502468
2028-Jul-09 17:00:00,268.6147618, -4.0905106
2028-Jul-09 18:00:00,314.9911085,-22.2864323
2028-Jul-09 19:00:00,  7.4330759,-25.6953446
2028-Jul-09 20:00:00, 54.9307377,-12.2264947
2028-Jul-09 21:00:00, 96.3516139,  7.8523026
2028-Jul-09 22:00:00,141.2242255, 23.7062670
2028-Jul-09 23:00:00,192.5480913, 24.9911722
2028-Jul-10 00:00:00,240.1740970,  9.8861352
2028-Jul-10 01:00:00,283.9035459,-11.3260597
2028-Jul-10 02:00:00,332.8400614,-25.6185487
2028-Jul-10 03:00:00, 24.9236277,-22.5226061
2028-Jul-10 04:00:00, 69.5149024, -5.4469143
2028-Jul-10 05:00:00,111.0351478, 14.3606767
2028-Jul-10 06:00:00,158.6446871, 26.2164691
2028-Jul-10 07:00:00,209.8671613, 21.2348880
2028-Jul-10 08:00:00,255.2879230,  2.5878111
2028-Jul-10 09:00:00,299.9213932,-17.7348930
2028-Jul-10 10:00:00,351.2191243,-26.7007327
2028-Jul-10 11:00:00, 41.2949754,-17.6177407
2028-Jul-10 12:00:00, 83.7075221,  1.6407135
2028-Jul-10 13:00:00,126.5623005, 19.9281431
2028-Jul-10 14:00:00,176.6249508, 26.5680304
2028-Jul-10 15:00:00,226.2804265, 15.7722378
2028-Jul-10 16:00:00,270.2794253, -4.9111014
2028-Jul-10 17:00:00,316.9239442,-22.7495134
2028-Jul-10 18:00:00,  9.4245707,-25.4360257
2028-Jul-10 19:00:00, 56.5920625,-11.4950750
2028-Jul-10 20:00:00, 97.9648904,  8.6110577
2028-Jul-10 21:00:00,143.1268580, 24.0779680
2028-Jul-10 22:00:00,194.5097872, 24.6649073
2028-Jul-10 23:00:00,241.8646163,  9.1027323
2028-Jul-11 00:00:00,285.6317066,-12.0815913
2028-Jul-11 01:00:00,334.8611339,-25.8463153
2028-Jul-11 02:00:00, 26.8006169,-22.0472545
2028-Jul-11 03:00:00, 71.1113288, -4.6610996
2028-Jul-11 04:00:00,112.7269591, 15.0349070
2028-Jul-11 05:00:00,160.6352198, 26.3595216
2028-Jul-11 06:00:00,211.7332163, 20.6985928
2028-Jul-11 07:00:00,256.9411192,  1.7592678
2028-Jul-11 08:00:00,301.7499706,-18.3624995
2028-Jul-11 09:00:00,353.2598424,-26.6675140
2028-Jul-11 10:00:00, 43.0483135,-16.9813043
2028-Jul-11 11:00:00, 85.2913564,  2.4337303
2028-Jul-11 12:00:00,128.3629065, 20.4659553
2028-Jul-11 13:00:00,178.6313381, 26.4594434
2028-Jul-11 14:00:00,228.0401376, 15.0797188
2028-Jul-11 15:00:00,271.9495678, -5.7278426
2028-Jul-11 16:00:00,318.8699327,-23.1888430
2028-Jul-11 17:00:00, 11.4054096,-25.1501504
2028-Jul-11 18:00:00, 58.2432413,-10.7553943
2028-Jul-11 19:00:00, 99.5844681,  9.3623269
2028-Jul-11 20:00:00,145.0415214, 24.4258281
2028-Jul-11 21:00:00,196.4627285, 24.3130674
2028-Jul-11 22:00:00,243.5487292,  8.3116881
2028-Jul-11 23:00:00,287.3691156,-12.8256213
2028-Jul-12 00:00:00,336.8877381,-26.0457569
2028-Jul-12 01:00:00, 28.6638749,-21.5513101
2028-Jul-12 02:00:00, 72.7048708, -3.8719240
2028-Jul-12 03:00:00,114.4306518, 15.6967304
2028-Jul-12 04:00:00,162.6308357, 26.4750598
2028-Jul-12 05:00:00,213.5858325, 20.1426170
2028-Jul-12 06:00:00,258.5928798,  0.9296418
2028-Jul-12 07:00:00,303.5917880,-18.9722086
2028-Jul-12 08:00:00,355.2985766,-26.6049913
2028-Jul-12 09:00:00, 44.7891318,-16.3302430
2028-Jul-12 10:00:00, 86.8766359,  3.2243267
2028-Jul-12 11:00:00,130.1759856, 20.9846526
2028-Jul-12 12:00:00,180.6345430, 26.3225305
2028-Jul-12 13:00:00,229.7902284, 14.3731520
2028-Jul-12 14:00:00,273.6259419, -6.5397078
2028-Jul-12 15:00:00,320.8276198,-23.6033689
2028-Jul-12 16:00:00, 13.3743286,-24.8384815
2028-Jul-12 17:00:00, 59.8853511,-10.0081632
2028-Jul-12 18:00:00,101.2116273, 10.1056446
2028-Jul-12 19:00:00,146.9679911, 24.7493400
2028-Jul-12 20:00:00,198.4059619, 23.9363550
2028-Jul-12 21:00:00,245.2265367,  7.5140883
2028-Jul-12 22:00:00,289.1160799,-13.5572965
2028-Jul-12 23:00:00,338.9195865,-26.2166754
2028-Jul-13 00:00:00, 30.5142112,-21.0351752
2028-Jul-13 01:00:00, 74.2961995, -3.0798920
2028-Jul-13 02:00:00,116.1457058, 16.3450600
2028-Jul-13 03:00:00,164.6298388, 26.5627108
2028-Jul-13 04:00:00,215.4254073, 19.5675641
2028-Jul-13 05:00:00,260.2447080,  0.0994040
2028-Jul-13 06:00:00,305.4474662,-19.5631694
2028-Jul-13 07:00:00,357.3339863,-26.5132406
2028-Jul-13 08:00:00, 46.5173071,-15.6656645
2028-Jul-13 09:00:00, 88.4638869,  4.0114704
2028-Jul-13 10:00:00,132.0019721, 21.4834680
2028-Jul-13 11:00:00,182.6345029, 26.1575024
2028-Jul-13 12:00:00,231.5313905, 13.6535094
2028-Jul-13 13:00:00,275.3083613, -7.3453503
2028-Jul-13 14:00:00,322.7955823,-23.9924631
2028-Jul-13 15:00:00, 15.3310152,-24.5018751
2028-Jul-13 16:00:00, 61.5196615, -9.2539275
2028-Jul-13 17:00:00,102.8471653, 10.8405669
2028-Jul-13 18:00:00,148.9053545, 25.0481505
2028-Jul-13 19:00:00,200.3383898, 23.5356534
2028-Jul-13 20:00:00,246.8983637,  6.7108452
2028-Jul-13 21:00:00,290.8733672,-14.2761138
2028-Jul-13 22:00:00,340.9566883,-26.3589691
2028-Jul-13 23:00:00, 32.3518515,-20.4994177
2028-Jul-14 00:00:00, 75.8851478, -2.2859964
2028-Jul-14 01:00:00,117.8715749, 16.9788588
2028-Jul-14 02:00:00,166.6313989, 26.6223509
2028-Jul-14 03:00:00,217.2528184, 18.9740121
2028-Jul-14 04:00:00,261.8977653, -0.7308392
2028-Jul-14 05:00:00,307.3168631,-20.1345282
2028-Jul-14 06:00:00,359.3643481,-26.3927023
2028-Jul-14 07:00:00, 48.2328951,-14.9887446
2028-Jul-14 08:00:00, 90.0539587,  4.7944781
2028-Jul-14 09:00:00,133.8414916, 21.9620548
2028-Jul-14 10:00:00,184.6307465, 25.9648795
2028-Jul-14 11:00:00,233.2633560, 12.9220278
2028-Jul-14 12:00:00,276.9963882, -8.1437204
2028-Jul-14 13:00:00,324.7731552,-24.3559016
2028-Jul-14 14:00:00, 17.2756779,-24.1409860
2028-Jul-14 15:00:00, 63.1470856, -8.4930409
2028-Jul-14 16:00:00,104.4913137, 11.5666747
2028-Jul-14 17:00:00,150.8523725, 25.3219422
2028-Jul-14 18:00:00,202.2591712, 23.1116737
2028-Jul-14 19:00:00,248.5649653,  5.9024107
2028-Jul-14 20:00:00,292.6421273,-14.9818069
2028-Jul-14 21:00:00,342.9986271,-26.4724194
2028-Jul-14 22:00:00, 34.1760547,-19.9448579
2028-Jul-14 23:00:00, 77.4714111, -1.4912822
2028-Jul-15 00:00:00,119.6084241, 17.5974441
2028-Jul-15 01:00:00,168.6353235, 26.6539192
2028-Jul-15 02:00:00,219.0687669, 18.3625072
2028-Jul-15 03:00:00,263.5526226, -1.5603581
2028-Jul-15 04:00:00,309.1993077,-20.6854823
2028-Jul-15 05:00:00,  1.3880730,-26.2439120
2028-Jul-15 06:00:00, 49.9364126,-14.3002901
2028-Jul-15 07:00:00, 91.6480282,  5.5731606
2028-Jul-15 08:00:00,135.6949375, 22.4202056
2028-Jul-15 09:00:00,186.6218620, 25.7451651
2028-Jul-15 10:00:00,234.9854848, 12.1797494
2028-Jul-15 11:00:00,278.6902533, -8.9342698
2028-Jul-15 12:00:00,326.7604224,-24.6934474
2028-Jul-15 13:00:00, 19.2084752,-23.7561297
2028-Jul-15 14:00:00, 64.7680827, -7.7258064
2028-Jul-15 15:00:00,106.1440712, 12.2833954
2028-Jul-15 16:00:00,152.8079502, 25.5701985
2028-Jul-15 17:00:00,204.1680155, 22.6647568
2028-Jul-15 18:00:00,250.2275728,  5.0889184
2028-Jul-15 19:00:00,294.4234785,-15.6738698
2028-Jul-15 20:00:00,345.0439440,-26.5566276
2028-Jul-15 21:00:00, 35.9857993,-19.3724641
2028-Jul-15 22:00:00, 79.0553836, -0.6965064
2028-Jul-15 23:00:00,121.3571379, 18.2003127
2028-Jul-16 00:00:00,170.6414161, 26.6572710
2028-Jul-16 01:00:00,220.8734686, 17.7336888
2028-Jul-16 02:00:00,265.2094568, -2.3882615
2028-Jul-16 03:00:00,311.0941104,-21.2152257
2028-Jul-16 04:00:00,  3.4041979,-26.0672666
2028-Jul-16 05:00:00, 51.6289309,-13.6006579
2028-Jul-16 06:00:00, 93.2472934,  6.3474619
2028-Jul-16 07:00:00,137.5619105, 22.8573705
2028-Jul-16 08:00:00,188.6058843, 25.4986891
2028-Jul-16 09:00:00,236.6977740, 11.4273551
2028-Jul-16 10:00:00,280.3910576, -9.7166336
2028-Jul-16 11:00:00,328.7576543,-25.0045639
2028-Jul-16 12:00:00, 21.1291815,-23.3475284
2028-Jul-16 13:00:00, 66.3828750, -6.9527940
2028-Jul-16 14:00:00,107.8055648, 12.9898449
2028-Jul-16 15:00:00,154.7714270, 25.7922103
2028-Jul-16 16:00:00,206.0652566, 22.1950821
2028-Jul-16 17:00:00,251.8876152,  4.2707003
2028-Jul-16 18:00:00,296.2178127,-16.3512371
2028-Jul-16 19:00:00,347.0904343,-26.6112881
2028-Jul-16 20:00:00, 37.7807668,-18.7832156
2028-Jul-16 21:00:00, 80.6382304,  0.0977971
2028-Jul-16 22:00:00,123.1187176, 18.7869159
2028-Jul-16 23:00:00,172.6489518, 26.6323126
2028-Jul-17 00:00:00,222.6667476, 17.0884562
2028-Jul-17 01:00:00,266.8684231, -3.2135393
2028-Jul-17 02:00:00,313.0009966,-21.7230164
2028-Jul-17 03:00:00,  5.4125239,-25.8630546
2028-Jul-17 04:00:00, 53.3117046,-12.8900710
2028-Jul-17 05:00:00, 94.8523720,  7.1168991
2028-Jul-17 06:00:00,139.4412173, 23.2726123
2028-Jul-17 07:00:00,190.5813261, 25.2257530
2028-Jul-17 08:00:00,238.4011520, 10.6653478
2028-Jul-17 09:00:00,282.1002551,-10.4902920
2028-Jul-17 10:00:00,330.7646563,-25.2885435
2028-Jul-17 11:00:00, 23.0371506,-22.9157248
2028-Jul-17 12:00:00, 67.9916874, -6.1749843
2028-Jul-17 13:00:00,109.4762163, 13.6849944
2028-Jul-17 14:00:00,156.7425976, 25.9873842
2028-Jul-17 15:00:00,207.9515349, 21.7030881
2028-Jul-17 16:00:00,253.5460226,  3.4486703
2028-Jul-17 17:00:00,298.0245631,-17.0125769
2028-Jul-17 18:00:00,349.1361771,-26.6364760
2028-Jul-17 19:00:00, 39.5615438,-18.1780211
2028-Jul-17 20:00:00, 82.2213061,  0.8911798
2028-Jul-17 21:00:00,124.8936593, 19.3566846
2028-Jul-17 22:00:00,174.6566008, 26.5791969
2028-Jul-17 23:00:00,224.4483238, 16.4279056
2028-Jul-18 00:00:00,268.5299320, -4.0353013
2028-Jul-18 01:00:00,314.9202247,-22.2083402
2028-Jul-18 02:00:00,  7.4132032,-25.6315696
2028-Jul-18 03:00:00, 54.9854311,-12.1690398
2028-Jul-18 04:00:00, 96.4630777,  7.8804531
2028-Jul-18 05:00:00,141.3316763, 23.6650515
2028-Jul-18 06:00:00,192.5476850, 24.9267602
2028-Jul-18 07:00:00,240.0969809,  9.8942371
2028-Jul-18 08:00:00,283.8189507,-11.2545177
2028-Jul-18 09:00:00,332.7804557,-25.5448174
2028-Jul-18 10:00:00, 24.9315125,-22.4617026
2028-Jul-18 11:00:00, 69.5949196, -5.3934839
2028-Jul-18 12:00:00,111.1567735, 14.3680702
2028-Jul-18 13:00:00,158.7214680, 26.1555102
2028-Jul-18 14:00:00,209.8271021, 21.1896373
2028-Jul-18 15:00:00,255.2027720,  2.6241262
2028-Jul-18 16:00:00,299.8429329,-17.6568856
2028-Jul-18 17:00:00,351.1801255,-26.6325646
2028-Jul-18 18:00:00, 41.3290928,-17.5575947
2028-Jul-18 19:00:00, 83.8055672,  1.6832760
2028-Jul-18 20:00:00,126.6817990, 19.9091172
2028-Jul-18 21:00:00,176.6627431, 26.4982442
2028-Jul-18 22:00:00,226.2181227, 15.7529913
2028-Jul-18 23:00:00,270.1948079, -4.8530568
2028-Jul-19 00:00:00,316.8524015,-22.6708629
2028-Jul-19 01:00:00,  9.4059307,-25.3731382
2028-Jul-19 02:00:00, 56.6498885,-11.4384981
2028-Jul-19 03:00:00, 98.0790609,  8.6370550
2028-Jul-19 04:00:00,143.2328279, 24.0341327
2028-Jul-19 05:00:00,194.5050918, 24.6021335
2028-Jul-19 06:00:00,241.7863784,  9.1145925
2028-Jul-19 07:00:00,285.5475713,-12.0084823
2028-Jul-19 08:00:00,334.8035031,-25.7730577
2028-Jul-19 09:00:00, 26.8115512,-21.9865671
2028-Jul-19 10:00:00, 71.1933204, -4.6090549
2028-Jul-19 11:00:00,112.8482461, 15.0387604
2028-Jul-19 12:00:00,160.7077302, 26.2966284
2028-Jul-19 13:00:00,211.6912643, 20.6557758
2028-Jul-19 14:00:00,256.8574322,  1.7981735
2028-Jul-19 15:00:00,301.6727715,-18.2836515
2028-Jul-19 16:00:00,353.2219261,-26.5998440
2028-Jul-19 17:00:00, 43.0841742,-16.9223665
2028-Jul-19 18:00:00, 85.3914480,  2.4737600
2028-Jul-19 19:00:00,128.4826332, 20.4436663
2028-Jul-19 20:00:00,178.6659295, 26.3896419
2028-Jul-19 21:00:00,227.9765268, 15.0642349
2028-Jul-19 22:00:00,271.8643017, -5.6666401
2028-Jul-19 23:00:00,318.7979366,-23.1100762
2028-Jul-20 00:00:00, 11.3893841,-25.0881537
2028-Jul-20 01:00:00, 58.3045761,-10.6995118
2028-Jul-20 02:00:00, 99.7006225,  9.3859777
2028-Jul-20 03:00:00,145.1449094, 24.3794480
2028-Jul-20 04:00:00,196.4536550, 24.2522235
2028-Jul-20 05:00:00,243.4699235,  8.3270885
2028-Jul-20 06:00:00,287.2860531,-12.7512931
2028-Jul-20 07:00:00,336.8322186,-25.9730274
2028-Jul-20 08:00:00, 28.6771082,-21.4911540
2028-Jul-20 09:00:00, 72.7880603, -3.8219457
2028-Jul-20 10:00:00,114.5515864, 15.6969241
2028-Jul-20 11:00:00,162.7001847, 26.4106260
2028-Jul-20 12:00:00,213.5428177, 20.1023983
2028-Jul-20 13:00:00,258.5101576,  0.9714397
2028-Jul-20 14:00:00,303.5147737,-18.8924983
2028-Jul-20 15:00:00,355.2613577,-26.5382729
2028-Jul-20 16:00:00, 44.8271324,-16.2726574
2028-Jul-20 17:00:00, 86.9791361,  3.2621215
2028-Jul-20 18:00:00,130.2957601, 20.9595438
2028-Jul-20 19:00:00,180.6652247, 26.2533032
2028-Jul-20 20:00:00,229.7244694, 14.3618426
2028-Jul-20 21:00:00,273.5398129, -6.4757215
2028-Jul-20 22:00:00,320.7563494,-23.5250674
2028-Jul-20 23:00:00, 13.3617095,-24.7771674
2028-Jul-21 00:00:00, 59.9496488, -9.9529753
2028-Jul-21 01:00:00,101.3288333, 10.1267376
2028-Jul-21 02:00:00,147.0682637, 24.7005158
2028-Jul-21 03:00:00,198.3930298, 23.8774344
2028-Jul-21 04:00:00,245.1477987,  7.5325998
2028-Jul-21 05:00:00,289.0342908,-13.4819955
2028-Jul-21 06:00:00,338.8655274,-26.1444748
2028-Jul-21 07:00:00, 30.5287374,-20.9759551
2028-Jul-21 08:00:00, 74.3804505, -3.0322110
2028-Jul-21 09:00:00,116.2671302, 16.3420431
2028-Jul-21 10:00:00,164.6968688, 26.4971225
2028-Jul-21 11:00:00,215.3810980, 19.5301767
2028-Jul-21 12:00:00,260.1620089,  0.1443030
2028-Jul-21 13:00:00,305.3699830,-19.4828202
2028-Jul-21 14:00:00,357.2978146,-26.4476577
2028-Jul-21 15:00:00, 46.5579980,-15.6090568
2028-Jul-21 16:00:00, 88.5688846,  4.0474924
2028-Jul-21 17:00:00,132.1211346, 21.4557761
2028-Jul-21 18:00:00,182.6602960, 26.0890898
2028-Jul-21 19:00:00,231.4631894, 13.6461768
2028-Jul-21 20:00:00,275.2222219, -7.2793809
2028-Jul-21 21:00:00,322.7261975,-23.9147993
2028-Jul-21 22:00:00, 15.3215823,-24.4409409
2028-Jul-21 23:00:00, 61.5861055, -9.1995937
2028-Jul-22 00:00:00,102.9649891, 10.8588719
2028-Jul-22 01:00:00,149.0027243, 24.9968377
2028-Jul-22 02:00:00,200.3224069, 23.4784315
2028-Jul-22 03:00:00,246.8201079,  6.7321749
2028-Jul-22 04:00:00,290.7925007,-14.1997111
2028-Jul-22 05:00:00,340.9030326,-26.2872148
2028-Jul-22 06:00:00, 32.3673298,-20.4413424
2028-Jul-22 07:00:00, 75.9712978, -2.2402522
2028-Jul-22 08:00:00,117.9944036, 16.9730860
2028-Jul-22 09:00:00,166.6959785, 26.5557679
2028-Jul-22 10:00:00,217.2064400, 18.9396968
2028-Jul-22 11:00:00,261.8144960, -0.6827988
2028-Jul-22 12:00:00,307.2390830,-20.0537750
2028-Jul-22 13:00:00,359.3300826,-26.3280506
2028-Jul-22 14:00:00, 48.2766898,-14.9326016
2028-Jul-22 15:00:00, 90.1611746,  4.8288318
2028-Jul-22 16:00:00,133.9590918, 21.9315418
2028-Jul-22 17:00:00,184.6511388, 25.8971669
2028-Jul-22 18:00:00,233.1935465, 12.9181083
2028-Jul-22 19:00:00,276.9114610, -8.0762828
2028-Jul-22 20:00:00,324.7059273,-24.2785996
2028-Jul-22 21:00:00, 17.2686496,-24.0803503
2028-Jul-22 22:00:00, 63.2152519, -8.4399273
2028-Jul-22 23:00:00,104.6099775, 11.5819146
2028-Jul-23 00:00:00,150.9474282, 25.2680641
2028-Jul-23 01:00:00,202.2407847, 23.0561074
2028-Jul-23 02:00:00,248.4871493,  5.9267655
2028-Jul-23 03:00:00,292.5613617,-14.9038646
2028-Jul-23 04:00:00,342.9447179,-26.4011647
2028-Jul-23 05:00:00, 34.1933151,-19.8878423
2028-Jul-23 06:00:00, 77.5605496, -1.4470078
2028-Jul-23 07:00:00,119.7327656, 17.5889790
2028-Jul-23 08:00:00,168.6965498, 26.5864558
2028-Jul-23 09:00:00,219.0197565, 18.3315364
2028-Jul-23 10:00:00,263.4688714, -1.5092667
2028-Jul-23 11:00:00,309.1219910,-20.6044941
2028-Jul-23 12:00:00,  1.3565103,-26.1799053
2028-Jul-23 13:00:00, 49.9832617,-14.2444932
2028-Jul-23 14:00:00, 91.7568000,  5.6053655
2028-Jul-23 15:00:00,135.8101967, 22.3864302
2028-Jul-23 16:00:00,186.6374551, 25.6780611
2028-Jul-23 17:00:00,234.9154515, 12.1788666
2028-Jul-23 18:00:00,278.6070463, -8.8652922
2028-Jul-23 19:00:00,326.6946721,-24.6162390
2028-Jul-23 20:00:00, 19.2031567,-23.6961270
2028-Jul-23 21:00:00, 64.8380940, -7.6743638
2028-Jul-23 22:00:00,106.2640874, 12.2954352
2028-Jul-23 23:00:00,152.9011006, 25.5139382
2028-Jul-24 00:00:00,204.1473439, 22.6112593
2028-Jul-24 01:00:00,250.1496124,  5.1169096
2028-Jul-24 02:00:00,294.3419480,-15.5941556
2028-Jul-24 03:00:00,344.9902513,-26.4861807
2028-Jul-24 04:00:00, 36.0061450,-19.3162656
2028-Jul-24 05:00:00, 79.1478570, -0.6535576
2028-Jul-24 06:00:00,121.4821960, 18.1889918
2028-Jul-24 07:00:00,170.6983203, 26.5891886
2028-Jul-24 08:00:00,220.8218556, 17.7062556
2028-Jul-24 09:00:00,265.1257841, -2.3343761
2028-Jul-24 10:00:00,311.0180041,-21.1341880
2028-Jul-24 11:00:00,  3.3754906,-26.0038431
2028-Jul-24 12:00:00, 51.6781759,-13.5456266
2028-Jul-24 13:00:00, 93.3568845,  6.3768233
2028-Jul-24 14:00:00,137.6748478, 22.8202596
2028-Jul-24 15:00:00,188.6180371, 25.4323652
2028-Jul-24 16:00:00,236.6282743, 11.4295600
2028-Jul-24 17:00:00,280.3090351, -9.6457932
2028-Jul-24 18:00:00,328.6923523,-24.9275535
2028-Jul-24 19:00:00, 21.1253644,-23.2886695
2028-Jul-24 20:00:00, 66.4551556, -6.9032009
2028-Jul-24 21:00:00,107.9272860, 12.9989036
2028-Jul-24 22:00:00,154.8625272, 25.7340537
2028-Jul-24 23:00:00,206.0417608, 22.1443229
2028-Jul-25 00:00:00,251.8086536,  4.3027674
2028-Jul-25 01:00:00,296.1353726,-16.2701413
2028-Jul-25 02:00:00,347.0383030,-26.5419577
2028-Jul-25 03:00:00, 37.8048245,-18.7275973
2028-Jul-25 04:00:00, 80.7334626,  0.1392969
2028-Jul-25 05:00:00,123.2434319, 18.7726246
2028-Jul-25 06:00:00,172.7011235, 26.5638940
2028-Jul-25 07:00:00,222.6130670, 17.0644738
2028-Jul-25 08:00:00,266.7854229, -3.1572677
2028-Jul-25 09:00:00,312.9263112,-21.6420931
2028-Jul-25 10:00:00,  5.3859891,-25.8003580
2028-Jul-25 11:00:00, 53.3624477,-12.8364104
2028-Jul-25 12:00:00, 94.9626365,  7.1431681
2028-Jul-25 13:00:00,139.5527086, 23.2325904
2028-Jul-25 14:00:00,190.5910000, 25.1605017
2028-Jul-25 15:00:00,238.3318802, 10.6709084
2028-Jul-25 16:00:00,282.0183794,-10.4174293
2028-Jul-25 17:00:00,330.6991824,-25.2120953
2028-Jul-25 18:00:00, 23.0351771,-22.8582083
2028-Jul-25 19:00:00, 68.0666740, -6.1269323
2028-Jul-25 20:00:00,109.5996154, 13.6915025
2028-Jul-25 21:00:00,156.8309070, 25.9277813
2028-Jul-25 22:00:00,207.9243414, 21.6554864
2028-Jul-25 23:00:00,253.4656991,  3.4845874
2028-Jul-26 00:00:00,297.9421229,-16.9308529
2028-Jul-26 01:00:00,349.0867013,-26.5682328
2028-Jul-26 02:00:00, 39.5889423,-18.1228183
2028-Jul-26 03:00:00, 82.3184239,  0.9310169
2028-Jul-26 04:00:00,125.0174458, 19.3393482
2028-Jul-26 05:00:00,174.7043411, 26.5105035
2028-Jul-26 06:00:00,224.3933047, 16.4070284
2028-Jul-26 07:00:00,268.4479078, -3.9769636
2028-Jul-26 08:00:00,314.8464869,-22.1274820
2028-Jul-26 09:00:00,  7.3877617,-25.5697809
2028-Jul-26 10:00:00, 55.0373649,-12.1170296
2028-Jul-26 11:00:00, 96.5747803,  7.9040200
2028-Jul-26 12:00:00,141.4425962, 23.6225665
2028-Jul-26 13:00:00,192.5548019, 24.8628041
2028-Jul-26 14:00:00,240.0270863,  9.9033958
2028-Jul-26 15:00:00,283.7365105,-11.1797195
2028-Jul-26 16:00:00,332.7150168,-25.4691900
2028-Jul-26 17:00:00, 24.9320804,-22.4052198
2028-Jul-26 18:00:00, 69.6728638, -5.3464575
2028-Jul-26 19:00:00,111.2814119, 14.3722120
2028-Jul-26 20:00:00,158.8059336, 26.0945230
2028-Jul-26 21:00:00,209.7957879, 21.1451091
2028-Jul-26 22:00:00,255.1218118,  2.6631654
2028-Jul-26 23:00:00,299.7617080,-17.5749730
2028-Jul-27 00:00:00,351.1334316,-26.5650768
2028-Jul-27 01:00:00, 41.3590250,-17.5028319
2028-Jul-27 02:00:00, 83.9041135,  1.7211535
2028-Jul-27 03:00:00,126.8047978, 19.8885852
2028-Jul-27 04:00:00,176.7067614, 26.4291682
2028-Jul-27 05:00:00,226.1623414, 15.7349783
2028-Jul-27 06:00:00,270.1135968, -4.7925469
2028-Jul-27 07:00:00,316.7786625,-22.5898084
2028-Jul-27 08:00:00,  9.3810230,-25.3124100
2028-Jul-27 09:00:00, 56.7037824,-11.3879054
2028-Jul-27 10:00:00, 98.1932232,  8.6584240
2028-Jul-27 11:00:00,143.3432080, 23.9893041
2028-Jul-27 12:00:00,194.5088807, 24.5396795
2028-Jul-27 13:00:00,241.7152611,  9.1275031
2028-Jul-27 14:00:00,285.4646165,-11.9319469
2028-Jul-27 15:00:00,334.7389536,-25.6982594
2028-Jul-27 16:00:00, 26.8153009,-21.9306400
2028-Jul-27 17:00:00, 71.2740998, -4.5628861
2028-Jul-27 18:00:00,112.9733532, 15.0401846
2028-Jul-27 19:00:00,160.7875868, 26.2340281
2028-Jul-27 20:00:00,211.6565435, 20.6139857
2028-Jul-27 21:00:00,256.7771224,  1.8397703
2028-Jul-27 22:00:00,301.5932546,-18.2014239
2028-Jul-27 23:00:00,353.1773306,-26.5328877
2028-Jul-28 00:00:00, 43.1160753,-16.8683825
2028-Jul-28 01:00:00, 85.4915810,  2.5093164
2028-Jul-28 02:00:00,128.6053742, 20.4198216
2028-Jul-28 03:00:00,178.7068267, 26.3202530
2028-Jul-28 04:00:00,227.9201089, 15.0493206
2028-Jul-28 05:00:00,271.7832481, -5.6034457
2028-Jul-28 06:00:00,318.7233637,-23.0287241
2028-Jul-28 07:00:00, 11.3656561,-25.0285927
2028-Jul-28 08:00:00, 58.3616326,-10.6499204
2028-Jul-28 09:00:00, 99.8175663,  9.4052746
2028-Jul-28 10:00:00,145.2538951, 24.3322310
2028-Jul-28 11:00:00,196.4533877, 24.1915853
2028-Jul-28 12:00:00,243.3976119,  8.3437937
2028-Jul-28 13:00:00,287.2032063,-12.6732723
2028-Jul-28 14:00:00,336.7694448,-25.8989962
2028-Jul-28 15:00:00, 28.6841512,-21.4356165
2028-Jul-28 16:00:00, 72.8710776, -3.7770675
2028-Jul-28 17:00:00,114.6763944, 15.6950227
2028-Jul-28 18:00:00,162.7756230, 26.3463627
2028-Jul-28 19:00:00,213.5061375, 20.0631819
2028-Jul-28 20:00:00,258.4311965,  1.0155800
2028-Jul-28 21:00:00,303.4364203,-18.8096385
2028-Jul-28 22:00:00,355.2179849,-26.4720513
2028-Jul-28 23:00:00, 44.8609528,-16.2199511
2028-Jul-29 00:00:00, 87.0813285,  3.2951704
2028-Jul-29 01:00:00,130.4186313, 20.9325486
2028-Jul-29 02:00:00,180.7030685, 26.1840591
2028-Jul-29 03:00:00,229.6669410, 14.3506633
2028-Jul-29 04:00:00,273.4580393, -6.4094481
2028-Jul-29 05:00:00,320.6809991,-23.4437845
2028-Jul-29 06:00:00, 13.3405521,-24.7187674
2028-Jul-29 07:00:00, 60.0104083, -9.9041596
2028-Jul-29 08:00:00,101.4479506, 10.1437853
2028-Jul-29 09:00:00,147.1747412, 24.6509732
2028-Jul-29 10:00:00,198.3885344, 23.8189217
2028-Jul-29 11:00:00,245.0748051,  7.5529280
2028-Jul-29 12:00:00,288.9522168,-13.4028128
2028-Jul-29 13:00:00,338.8048106,-26.0712393
2028-Jul-29 14:00:00, 30.5384330,-20.9210766
2028-Jul-29 15:00:00, 74.4649057, -2.9893276
2028-Jul-29 16:00:00,116.3914866, 16.3365900
2028-Jul-29 17:00:00,164.7689605, 26.4315292
2028-Jul-29 18:00:00,215.3434404, 19.4936622
2028-Jul-29 19:00:00,260.0840360,  0.1912897
2028-Jul-29 20:00:00,305.2917192,-19.3992634
2028-Jul-29 21:00:00,357.2552010,-26.3826383
2028-Jul-29 22:00:00, 46.5940954,-15.5578582
2028-Jul-29 23:00:00, 88.6735368,  4.0782547
2028-Jul-30 00:00:00,132.2440440, 21.4260573
2028-Jul-30 01:00:00,182.6944844, 26.0206101
2028-Jul-30 02:00:00,231.4037071, 13.6392357
2028-Jul-30 03:00:00,275.1393564, -7.2102834
2028-Jul-30 04:00:00,322.6511634,-23.8341751
2028-Jul-30 05:00:00, 15.3039331,-24.3835197
2028-Jul-30 06:00:00, 61.6501321, -9.1515443
2028-Jul-30 07:00:00,103.0853139, 10.8734593
2028-Jul-30 08:00:00,149.1060416, 24.9451033
2028-Jul-30 09:00:00,200.3141186, 23.4221003
2028-Jul-30 10:00:00,246.7470621,  6.7557324
2028-Jul-30 11:00:00,290.7114666,-14.1196394
2028-Jul-30 12:00:00,340.8438281,-26.2148124
2028-Jul-30 13:00:00, 32.3786599,-20.3875619
2028-Jul-30 14:00:00, 76.0569006, -2.1997021
2028-Jul-30 15:00:00,118.1190396, 16.9644657
2028-Jul-30 16:00:00,166.7656757, 26.4892558
2028-Jul-30 17:00:00,217.1677071, 18.9061309
2028-Jul-30 18:00:00,261.7365602, -0.6327269
2028-Jul-30 19:00:00,307.1601279,-19.9697499
2028-Jul-30 20:00:00,359.2884759,-26.2644995
2028-Jul-30 21:00:00, 48.3155978,-14.8826132
2028-Jul-30 22:00:00, 90.2684105,  4.8577746
2028-Jul-30 23:00:00,134.0814283, 21.8994186
2028-Jul-31 00:00:00,184.6806961, 25.8297938
2028-Jul-31 01:00:00,233.1316523, 12.9153166
2028-Jul-31 02:00:00,276.8281856, -8.0051416
2028-Jul-31 03:00:00,324.6324425,-24.1988931
2028-Jul-31 04:00:00, 17.2544203,-24.0236140
2028-Jul-31 05:00:00, 63.2817023, -8.3927770
2028-Jul-31 06:00:00,104.7309394, 11.5938411
2028-Jul-31 07:00:00,151.0476770, 25.2141429
2028-Jul-31 08:00:00,202.2294718, 23.0017488
2028-Jul-31 09:00:00,248.4144876,  5.9532096
2028-Jul-31 10:00:00,292.4810735,-14.8228637
2028-Jul-31 11:00:00,342.8859828,-26.3295563
2028-Jul-31 12:00:00, 34.2057764,-19.8354215
2028-Jul-31 13:00:00, 77.6479878, -1.4084908
2028-Jul-31 14:00:00,119.8586362, 17.5776927
2028-Jul-31 15:00:00,168.7638762, 26.5192272
2028-Jul-31 16:00:00,218.9791902, 18.3011569
2028-Jul-31 17:00:00,263.3902588, -1.4560684
2028-Jul-31 18:00:00,309.0423781,-20.5202768
2028-Jul-31 19:00:00,  1.3167283,-26.1176629
2028-Jul-31 20:00:00, 50.0254184,-14.1951681
2028-Jul-31 21:00:00, 91.8663791,  5.6326998
2028-Jul-31 22:00:00,135.9310099, 22.3517733
2028-Jul-31 23:00:00,186.6617427, 25.6117287
2028-Aug-01 00:00:00,234.8517816, 12.1796633
