2023-Aug-01 00:00:00,140.4961136,  0.7714684
2023-Aug-01 01:00:00,142.5856118,  0.6909229
2023-Aug-01 02:00:00,144.6749811,  0.6094610
2023-Aug-01 03:00:00,146.7642360,  0.5271908
2023-Aug-01 04:00:00,148.8533915,  0.4442216
2023-Aug-01 05:00:00,150.9424631,  0.3606632
2023-Aug-01 06:00:00,153.0314664,  0.2766267
2023-Aug-01 07:00:00,155.1204177,  0.1922234
2023-Aug-01 08:00:00,157.2093334,  0.1075653
2023-Aug-01 09:00:00,159.2982304,  0.0227644
2023-Aug-01 10:00:00,161.3871255, -0.0620668
2023-Aug-01 11:00:00,163.4760354, -0.1468158
2023-Aug-01 12:00:00,165.5649769, -0.2313704
2023-Aug-01 13:00:00,167.6539663, -0.3156184
2023-Aug-01 14:00:00,169.7430197, -0.3994482
2023-Aug-01 15:00:00,171.8321528, -0.4827485
2023-Aug-01 16:00:00,173.9213813, -0.5654089
2023-Aug-01 17:00:00,176.0107201, -0.6473197
2023-Aug-01 18:00:00,178.1001841, -0.7283721
2023-Aug-01 19:00:00,180.1897878, -0.8084586
2023-Aug-01 20:00:00,182.2795454, -0.8874727
2023-Aug-01 21:00:00,184.3694705, -0.9653095
2023-Aug-01 22:00:00,186.4595765, -1.0418654
2023-Aug-01 23:00:00,188.5498763, -1.1170386
2023-Aug-02 00:00:00,190.6403822, -1.1907292
2023-Aug-02 01:00:00,192.7311062, -1.2628388
2023-Aug-02 02:00:00,194.8220596, -1.3332715
2023-Aug-02 03:00:00,196.9132530, -1.4019332
2023-Aug-02 04:00:00,199.0046965, -1.4687323
2023-Aug-02 05:00:00,201.0963995, -1.5335795
2023-Aug-02 06:00:00,203.1883707, -1.5963882
2023-Aug-02 07:00:00,205.2806182, -1.6570742
2023-Aug-02 08:00:00,207.3731490, -1.7155562
2023-Aug-02 09:00:00,209.4659697, -1.7717557
2023-Aug-02 10:00:00,211.5590857, -1.8255972
2023-Aug-02 11:00:00,213.6525021, -1.8770083
2023-Aug-02 12:00:00,215.7462227, -1.9259198
2023-Aug-02 13:00:00,217.8402505, -1.9722656
2023-Aug-02 14:00:00,219.9345878, -2.0159830
2023-Aug-02 15:00:00,222.0292360, -2.0570129
2023-Aug-02 16:00:00,224.1241954, -2.0952997
2023-Aug-02 17:00:00,226.2194657, -2.1307911
2023-Aug-02 18:00:00,228.3150455, -2.1634389
2023-Aug-02 19:00:00,230.4109326, -2.1931985
2023-Aug-02 20:00:00,232.5071240, -2.2200289
2023-Aug-02 21:00:00,234.6036156, -2.2438933
2023-Aug-02 22:00:00,236.7004028, -2.2647588
2023-Aug-02 23:00:00,238.7974798, -2.2825961
2023-Aug-03 00:00:00,240.8948402, -2.2973805
2023-Aug-03 01:00:00,242.9924770, -2.3090910
2023-Aug-03 02:00:00,245.0903822, -2.3177108
2023-Aug-03 03:00:00,247.1885472, -2.3232273
2023-Aug-03 04:00:00,249.2869628, -2.3256321
2023-Aug-03 05:00:00,251.3856192, -2.3249207
2023-Aug-03 06:00:00,253.4845059, -2.3210932
2023-Aug-03 07:00:00,255.5836122, -2.3141536
2023-Aug-03 08:00:00,257.6829268, -2.3041102
2023-Aug-03 09:00:00,259.7824382, -2.2909757
2023-Aug-03 10:00:00,261.8821346, -2.2747667
2023-Aug-03 11:00:00,263.9820040, -2.2555040
2023-Aug-03 12:00:00,266.0820345, -2.2332127
2023-Aug-03 13:00:00,268.1822141, -2.2079220
2023-Aug-03 14:00:00,270.2825311, -2.1796651
2023-Aug-03 15:00:00,272.3829741, -2.1484792
2023-Aug-03 16:00:00,274.4835318, -2.1144055
2023-Aug-03 17:00:00,276.5841933, -2.0774893
2023-Aug-03 18:00:00,278.6849483, -2.0377795
2023-Aug-03 19:00:00,280.7857864, -1.9953291
2023-Aug-03 20:00:00,282.8866977, -1.9501946
2023-Aug-03 21:00:00,284.9876721, -1.9024363
2023-Aug-03 22:00:00,287.0887001, -1.8521180
2023-Aug-03 23:00:00,289.1897724, -1.7993070
2023-Aug-04 00:00:00,291.2908800, -1.7440742
2023-Aug-04 01:00:00,293.3920143, -1.6864936
2023-Aug-04 02:00:00,295.4931673, -1.6266424
2023-Aug-04 03:00:00,297.5943314, -1.5646011
2023-Aug-04 04:00:00,299.6954998, -1.5004529
2023-Aug-04 05:00:00,301.7966663, -1.4342841
2023-Aug-04 06:00:00,303.8978253, -1.3661837
2023-Aug-04 07:00:00,305.9989718, -1.2962433
2023-Aug-04 08:00:00,308.1001019, -1.2245570
2023-Aug-04 09:00:00,310.2012119, -1.1512213
2023-Aug-04 10:00:00,312.3022991, -1.0763350
2023-Aug-04 11:00:00,314.4033616, -0.9999988
2023-Aug-04 12:00:00,316.5043980, -0.9223155
2023-Aug-04 13:00:00,318.6054077, -0.8433898
2023-Aug-04 14:00:00,320.7063909, -0.7633280
2023-Aug-04 15:00:00,322.8073483, -0.6822378
2023-Aug-04 16:00:00,324.9082815, -0.6002285
2023-Aug-04 17:00:00,327.0091924, -0.5174106
2023-Aug-04 18:00:00,329.1100838, -0.4338954
2023-Aug-04 19:00:00,331.2109588, -0.3497956
2023-Aug-04 20:00:00,333.3118212, -0.2652243
2023-Aug-04 21:00:00,335.4126749, -0.1802955
2023-Aug-04 22:00:00,337.5135240, -0.0951234
2023-Aug-04 23:00:00,339.6143727, -0.0098229
2023-Aug-05 00:00:00,341.7152254,  0.0754911
2023-Aug-05 01:00:00,343.8160860,  0.1607039
2023-Aug-05 02:00:00,345.9169582,  0.2457005
2023-Aug-05 03:00:00,348.0178454,  0.3303664
2023-Aug-05 04:00:00,350.1187504,  0.4145876
2023-Aug-05 05:00:00,352.2196757,  0.4982505
2023-Aug-05 06:00:00,354.3206231,  0.5812423
2023-Aug-05 07:00:00,356.4215940,  0.6634513
2023-Aug-05 08:00:00,358.5225891,  0.7447666
2023-Aug-05 09:00:00,  0.6236085,  0.8250785
2023-Aug-05 10:00:00,  2.7246517,  0.9042790
2023-Aug-05 11:00:00,  4.8257175,  0.9822611
2023-Aug-05 12:00:00,  6.9268043,  1.0589199
2023-Aug-05 13:00:00,  9.0279096,  1.1341520
2023-Aug-05 14:00:00, 11.1290302,  1.2078561
2023-Aug-05 15:00:00, 13.2301625,  1.2799329
2023-Aug-05 16:00:00, 15.3313020,  1.3502854
2023-Aug-05 17:00:00, 17.4324439,  1.4188189
2023-Aug-05 18:00:00, 19.5335826,  1.4854412
2023-Aug-05 19:00:00, 21.6347117,  1.5500627
2023-Aug-05 20:00:00, 23.7358247,  1.6125965
2023-Aug-05 21:00:00, 25.8369144,  1.6729587
2023-Aug-05 22:00:00, 27.9379731,  1.7310682
2023-Aug-05 23:00:00, 30.0389930,  1.7868471
2023-Aug-06 00:00:00, 32.1399659,  1.8402207
2023-Aug-06 01:00:00, 34.2408832,  1.8911175
2023-Aug-06 02:00:00, 36.3417361,  1.9394694
2023-Aug-06 03:00:00, 38.4425154,  1.9852118
2023-Aug-06 04:00:00, 40.5432114,  2.0282839
2023-Aug-06 05:00:00, 42.6438141,  2.0686281
2023-Aug-06 06:00:00, 44.7443129,  2.1061908
2023-Aug-06 07:00:00, 46.8446967,  2.1409221
2023-Aug-06 08:00:00, 48.9449543,  2.1727761
2023-Aug-06 09:00:00, 51.0450741,  2.2017107
2023-Aug-06 10:00:00, 53.1450443,  2.2276878
2023-Aug-06 11:00:00, 55.2448534,  2.2506733
2023-Aug-06 12:00:00, 57.3444895,  2.2706372
2023-Aug-06 13:00:00, 59.4439412,  2.2875536
2023-Aug-06 14:00:00, 61.5431971,  2.3014008
2023-Aug-06 15:00:00, 63.6422461,  2.3121611
2023-Aug-06 16:00:00, 65.7410776,  2.3198211
2023-Aug-06 17:00:00, 67.8396813,  2.3243716
2023-Aug-06 18:00:00, 69.9380472,  2.3258075
2023-Aug-06 19:00:00, 72.0361660,  2.3241281
2023-Aug-06 20:00:00, 74.1340288,  2.3193366
2023-Aug-06 21:00:00, 76.2316275,  2.3114406
2023-Aug-06 22:00:00, 78.3289544,  2.3004518
2023-Aug-06 23:00:00, 80.4260025,  2.2863859
2023-Aug-07 00:00:00, 82.5227657,  2.2692629
2023-Aug-07 01:00:00, 84.6192382,  2.2491069
2023-Aug-07 02:00:00, 86.7154152,  2.2259458
2023-Aug-07 03:00:00, 88.8112927,  2.1998117
2023-Aug-07 04:00:00, 90.9068673,  2.1707406
2023-Aug-07 05:00:00, 93.0021365,  2.1387723
2023-Aug-07 06:00:00, 95.0970985,  2.1039505
2023-Aug-07 07:00:00, 97.1917524,  2.0663227
2023-Aug-07 08:00:00, 99.2860979,  2.0259400
2023-Aug-07 09:00:00,101.3801358,  1.9828572
2023-Aug-07 10:00:00,103.4738675,  1.9371326
2023-Aug-07 11:00:00,105.5672952,  1.8888280
2023-Aug-07 12:00:00,107.6604221,  1.8380085
2023-Aug-07 13:00:00,109.7532518,  1.7847426
2023-Aug-07 14:00:00,111.8457890,  1.7291019
2023-Aug-07 15:00:00,113.9380392,  1.6711611
2023-Aug-07 16:00:00,116.0300083,  1.6109981
2023-Aug-07 17:00:00,118.1217033,  1.5486933
2023-Aug-07 18:00:00,120.2131318,  1.4843302
2023-Aug-07 19:00:00,122.3043019,  1.4179949
2023-Aug-07 20:00:00,124.3952227,  1.3497759
2023-Aug-07 21:00:00,126.4859036,  1.2797644
2023-Aug-07 22:00:00,128.5763550,  1.2080537
2023-Aug-07 23:00:00,130.6665875,  1.1347394
2023-Aug-08 00:00:00,132.7566126,  1.0599191
2023-Aug-08 01:00:00,134.8464422,  0.9836925
2023-Aug-08 02:00:00,136.9360887,  0.9061608
2023-Aug-08 03:00:00,139.0255653,  0.8274273
2023-Aug-08 04:00:00,141.1148852,  0.7475965
2023-Aug-08 05:00:00,143.2040627,  0.6667743
2023-Aug-08 06:00:00,145.2931123,  0.5850683
2023-Aug-08 07:00:00,147.3820490,  0.5025866
2023-Aug-08 08:00:00,149.4708886,  0.4194387
2023-Aug-08 09:00:00,151.5596472,  0.3357350
2023-Aug-08 10:00:00,153.6483413,  0.2515862
2023-Aug-08 11:00:00,155.7369878,  0.1671039
2023-Aug-08 12:00:00,157.8256035,  0.0824002
2023-Aug-08 13:00:00,159.9142055, -0.0024129
2023-Aug-08 14:00:00,162.0028106, -0.0872230
2023-Aug-08 15:00:00,164.0914355, -0.1719176
2023-Aug-08 16:00:00,166.1800967, -0.2563845
2023-Aug-08 17:00:00,168.2688107, -0.3405118
2023-Aug-08 18:00:00,170.3575936, -0.4241880
2023-Aug-08 19:00:00,172.4464615, -0.5073021
2023-Aug-08 20:00:00,174.5354300, -0.5897440
2023-Aug-08 21:00:00,176.6245150, -0.6714043
2023-Aug-08 22:00:00,178.7137316, -0.7521745
2023-Aug-08 23:00:00,180.8030950, -0.8319476
2023-Aug-09 00:00:00,182.8926198, -0.9106176
2023-Aug-09 01:00:00,184.9823204, -0.9880799
2023-Aug-09 02:00:00,187.0722108, -1.0642317
2023-Aug-09 03:00:00,189.1623044, -1.1389716
2023-Aug-09 04:00:00,191.2526142, -1.2122001
2023-Aug-09 05:00:00,193.3431525, -1.2838198
2023-Aug-09 06:00:00,195.4339313, -1.3537352
2023-Aug-09 07:00:00,197.5249617, -1.4218530
2023-Aug-09 08:00:00,199.6162541, -1.4880823
2023-Aug-09 09:00:00,201.7078185, -1.5523346
2023-Aug-09 10:00:00,203.7996638, -1.6145239
2023-Aug-09 11:00:00,205.8917983, -1.6745669
2023-Aug-09 12:00:00,207.9842294, -1.7323832
2023-Aug-09 13:00:00,210.0769639, -1.7878951
2023-Aug-09 14:00:00,212.1700074, -1.8410281
2023-Aug-09 15:00:00,214.2633647, -1.8917104
2023-Aug-09 16:00:00,216.3570399, -1.9398739
2023-Aug-09 17:00:00,218.4510360, -1.9854534
2023-Aug-09 18:00:00,220.5453550, -2.0283873
2023-Aug-09 19:00:00,222.6399982, -2.0686174
2023-Aug-09 20:00:00,224.7349656, -2.1060890
2023-Aug-09 21:00:00,226.8302566, -2.1407511
2023-Aug-09 22:00:00,228.9258694, -2.1725562
2023-Aug-09 23:00:00,231.0218014, -2.2014609
2023-Aug-10 00:00:00,233.1180491, -2.2274255
2023-Aug-10 01:00:00,235.2146077, -2.2504140
2023-Aug-10 02:00:00,237.3114724, -2.2703946
2023-Aug-10 03:00:00,239.4086367, -2.2873395
2023-Aug-10 04:00:00,241.5060936, -2.3012247
2023-Aug-10 05:00:00,243.6038352, -2.3120306
2023-Aug-10 06:00:00,245.7018530, -2.3197415
2023-Aug-10 07:00:00,247.8001378, -2.3243460
2023-Aug-10 08:00:00,249.8986798, -2.3258368
2023-Aug-10 09:00:00,251.9974685, -2.3242107
2023-Aug-10 10:00:00,254.0964930, -2.3194690
2023-Aug-10 11:00:00,256.1957421, -2.3116168
2023-Aug-10 12:00:00,258.2952041, -2.3006637
2023-Aug-10 13:00:00,260.3948674, -2.2866234
2023-Aug-10 14:00:00,262.4947199, -2.2695139
2023-Aug-10 15:00:00,264.5947497, -2.2493572
2023-Aug-10 16:00:00,266.6949452, -2.2261795
2023-Aug-10 17:00:00,268.7952947, -2.2000111
2023-Aug-10 18:00:00,270.8957867, -2.1708864
2023-Aug-10 19:00:00,272.9964101, -2.1388438
2023-Aug-10 20:00:00,275.0971538, -2.1039257
2023-Aug-10 21:00:00,277.1980069, -2.0661783
2023-Aug-10 22:00:00,279.2989584, -2.0256518
2023-Aug-10 23:00:00,281.3999977, -1.9824002
2023-Aug-11 00:00:00,283.5011141, -1.9364811
2023-Aug-11 01:00:00,285.6022973, -1.8879559
2023-Aug-11 02:00:00,287.7035373, -1.8368894
2023-Aug-11 03:00:00,289.8048243, -1.7833501
2023-Aug-11 04:00:00,291.9061494, -1.7274097
2023-Aug-11 05:00:00,294.0075039, -1.6691431
2023-Aug-11 06:00:00,296.1088798, -1.6086286
2023-Aug-11 07:00:00,298.2102695, -1.5459475
2023-Aug-11 08:00:00,300.3116664, -1.4811840
2023-Aug-11 09:00:00,302.4130644, -1.4144252
2023-Aug-11 10:00:00,304.5144579, -1.3457609
2023-Aug-11 11:00:00,306.6158420, -1.2752834
2023-Aug-11 12:00:00,308.7172127, -1.2030876
2023-Aug-11 13:00:00,310.8185668, -1.1292707
2023-Aug-11 14:00:00,312.9199016, -1.0539321
2023-Aug-11 15:00:00,315.0212150, -0.9771733
2023-Aug-11 16:00:00,317.1225058, -0.8990976
2023-Aug-11 17:00:00,319.2237733, -0.8198103
2023-Aug-11 18:00:00,321.3250176, -0.7394180
2023-Aug-11 19:00:00,323.4262393, -0.6580292
2023-Aug-11 20:00:00,325.5274397, -0.5757535
2023-Aug-11 21:00:00,327.6286206, -0.4927017
2023-Aug-11 22:00:00,329.7297840, -0.4089858
2023-Aug-11 23:00:00,331.8309323, -0.3247185
2023-Aug-12 00:00:00,333.9320683, -0.2400134
2023-Aug-12 01:00:00,336.0331945, -0.1549847
2023-Aug-12 02:00:00,338.1343136, -0.0697470
2023-Aug-12 03:00:00,340.2354279,  0.0155848
2023-Aug-12 04:00:00,342.3365397,  0.1008956
2023-Aug-12 05:00:00,344.4376508,  0.1860704
2023-Aug-12 06:00:00,346.5387628,  0.2709943
2023-Aug-12 07:00:00,348.6398768,  0.3555527
2023-Aug-12 08:00:00,350.7409935,  0.4396317
2023-Aug-12 09:00:00,352.8421133,  0.5231179
2023-Aug-12 10:00:00,354.9432359,  0.6058985
2023-Aug-12 11:00:00,357.0443607,  0.6878621
2023-Aug-12 12:00:00,359.1454867,  0.7688980
2023-Aug-12 13:00:00,  1.2466123,  0.8488970
2023-Aug-12 14:00:00,  3.3477355,  0.9277513
2023-Aug-12 15:00:00,  5.4488536,  1.0053546
2023-Aug-12 16:00:00,  7.5499637,  1.0816024
2023-Aug-12 17:00:00,  9.6510622,  1.1563918
2023-Aug-12 18:00:00, 11.7521449,  1.2296223
2023-Aug-12 19:00:00, 13.8532074,  1.3011952
2023-Aug-12 20:00:00, 15.9542445,  1.3710144
2023-Aug-12 21:00:00, 18.0552509,  1.4389858
2023-Aug-12 22:00:00, 20.1562207,  1.5050182
2023-Aug-12 23:00:00, 22.2571476,  1.5690228
2023-Aug-13 00:00:00, 24.3580252,  1.6309138
2023-Aug-13 01:00:00, 26.4588468,  1.6906083
2023-Aug-13 02:00:00, 28.5596053,  1.7480262
2023-Aug-13 03:00:00, 30.6602935,  1.8030906
2023-Aug-13 04:00:00, 32.7609038,  1.8557280
2023-Aug-13 05:00:00, 34.8614283,  1.9058681
2023-Aug-13 06:00:00, 36.9618583,  1.9534440
2023-Aug-13 07:00:00, 39.0621850,  1.9983922
2023-Aug-13 08:00:00, 41.1623990,  2.0406530
2023-Aug-13 09:00:00, 43.2624905,  2.0801702
2023-Aug-13 10:00:00, 45.3624493,  2.1168914
2023-Aug-13 11:00:00, 47.4622652,  2.1507682
2023-Aug-13 12:00:00, 49.5619277,  2.1817557
2023-Aug-13 13:00:00, 51.6614265,  2.2098132
2023-Aug-13 14:00:00, 53.7607511,  2.2349040
2023-Aug-13 15:00:00, 55.8598913,  2.2569952
2023-Aug-13 16:00:00, 57.9588369,  2.2760583
2023-Aug-13 17:00:00, 60.0575780,  2.2920686
2023-Aug-13 18:00:00, 62.1561052,  2.3050057
2023-Aug-13 19:00:00, 64.2544090,  2.3148533
2023-Aug-13 20:00:00, 66.3524808,  2.3215993
2023-Aug-13 21:00:00, 68.4503120,  2.3252357
2023-Aug-13 22:00:00, 70.5478946,  2.3257588
2023-Aug-13 23:00:00, 72.6452213,  2.3231690
2023-Aug-14 00:00:00, 74.7422851,  2.3174709
2023-Aug-14 01:00:00, 76.8390796,  2.3086732
2023-Aug-14 02:00:00, 78.9355990,  2.2967889
2023-Aug-14 03:00:00, 81.0318383,  2.2818348
2023-Aug-14 04:00:00, 83.1277929,  2.2638322
2023-Aug-14 05:00:00, 85.2234590,  2.2428061
2023-Aug-14 06:00:00, 87.3188334,  2.2187857
2023-Aug-14 07:00:00, 89.4139136,  2.1918041
2023-Aug-14 08:00:00, 91.5086979,  2.1618983
2023-Aug-14 09:00:00, 93.6031852,  2.1291092
2023-Aug-14 10:00:00, 95.6973753,  2.0934815
2023-Aug-14 11:00:00, 97.7912684,  2.0550637
2023-Aug-14 12:00:00, 99.8848658,  2.0139077
2023-Aug-14 13:00:00,101.9781693,  1.9700694
2023-Aug-14 14:00:00,104.0711816,  1.9236078
2023-Aug-14 15:00:00,106.1639059,  1.8745857
2023-Aug-14 16:00:00,108.2563463,  1.8230690
2023-Aug-14 17:00:00,110.3485076,  1.7691270
2023-Aug-14 18:00:00,112.4403955,  1.7128320
2023-Aug-14 19:00:00,114.5320159,  1.6542595
2023-Aug-14 20:00:00,116.6233760,  1.5934880
2023-Aug-14 21:00:00,118.7144831,  1.5305988
2023-Aug-14 22:00:00,120.8053456,  1.4656758
2023-Aug-14 23:00:00,122.8959724,  1.3988058
2023-Aug-15 00:00:00,124.9863729,  1.3300780
2023-Aug-15 01:00:00,127.0765572,  1.2595840
2023-Aug-15 02:00:00,129.1665362,  1.1874177
2023-Aug-15 03:00:00,131.2563210,  1.1136751
2023-Aug-15 04:00:00,133.3459236,  1.0384543
2023-Aug-15 05:00:00,135.4353565,  0.9618555
2023-Aug-15 06:00:00,137.5246327,  0.8839802
2023-Aug-15 07:00:00,139.6137658,  0.8049320
2023-Aug-15 08:00:00,141.7027702,  0.7248158
2023-Aug-15 09:00:00,143.7916608,  0.6437378
2023-Aug-15 10:00:00,145.8804530,  0.5618057
2023-Aug-15 11:00:00,147.9691628,  0.4791279
2023-Aug-15 12:00:00,150.0578066,  0.3958141
2023-Aug-15 13:00:00,152.1464011,  0.3119747
2023-Aug-15 14:00:00,154.2349631,  0.2277207
2023-Aug-15 15:00:00,156.3235094,  0.1431638
2023-Aug-15 16:00:00,158.4120566,  0.0584161
2023-Aug-15 17:00:00,160.5006217, -0.0264103
2023-Aug-15 18:00:00,162.5892211, -0.1112030
2023-Aug-15 19:00:00,164.6778714, -0.1958495
2023-Aug-15 20:00:00,166.7665890, -0.2802376
2023-Aug-15 21:00:00,168.8553904, -0.3642556
2023-Aug-15 22:00:00,170.9442918, -0.4477921
2023-Aug-15 23:00:00,173.0333093, -0.5307361
2023-Aug-16 00:00:00,175.1224589, -0.6129779
2023-Aug-16 01:00:00,177.2117560, -0.6944080
2023-Aug-16 02:00:00,179.3012162, -0.7749186
2023-Aug-16 03:00:00,181.3908544, -0.8544026
2023-Aug-16 04:00:00,183.4806853, -0.9327544
2023-Aug-16 05:00:00,185.5707230, -1.0098698
2023-Aug-16 06:00:00,187.6609814, -1.0856462
2023-Aug-16 07:00:00,189.7514737, -1.1599828
2023-Aug-16 08:00:00,191.8422123, -1.2327805
2023-Aug-16 09:00:00,193.9332093, -1.3039422
2023-Aug-16 10:00:00,196.0244759, -1.3733729
2023-Aug-16 11:00:00,198.1160228, -1.4409799
2023-Aug-16 12:00:00,200.2078597, -1.5066727
2023-Aug-16 13:00:00,202.2999957, -1.5703635
2023-Aug-16 14:00:00,204.3924388, -1.6319669
2023-Aug-16 15:00:00,206.4851964, -1.6914002
2023-Aug-16 16:00:00,208.5782748, -1.7485835
2023-Aug-16 17:00:00,210.6716794, -1.8034399
2023-Aug-16 18:00:00,212.7654148, -1.8558955
2023-Aug-16 19:00:00,214.8594843, -1.9058796
2023-Aug-16 20:00:00,216.9538906, -1.9533245
2023-Aug-16 21:00:00,219.0486350, -1.9981660
2023-Aug-16 22:00:00,221.1437181, -2.0403432
2023-Aug-16 23:00:00,223.2391393, -2.0797989
2023-Aug-17 00:00:00,225.3348969, -2.1164793
2023-Aug-17 01:00:00,227.4309884, -2.1503342
2023-Aug-17 02:00:00,229.5274103, -2.1813173
2023-Aug-17 03:00:00,231.6241578, -2.2093860
2023-Aug-17 04:00:00,233.7212253, -2.2345017
2023-Aug-17 05:00:00,235.8186065, -2.2566295
2023-Aug-17 06:00:00,237.9162939, -2.2757387
2023-Aug-17 07:00:00,240.0142793, -2.2918025
2023-Aug-17 08:00:00,242.1125534, -2.3047982
2023-Aug-17 09:00:00,244.2111067, -2.3147073
2023-Aug-17 10:00:00,246.3099284, -2.3215154
2023-Aug-17 11:00:00,248.4090076, -2.3252122
2023-Aug-17 12:00:00,250.5083325, -2.3257917
2023-Aug-17 13:00:00,252.6078910, -2.3232520
2023-Aug-17 14:00:00,254.7076708, -2.3175956
2023-Aug-17 15:00:00,256.8076589, -2.3088290
2023-Aug-17 16:00:00,258.9078428, -2.2969631
2023-Aug-17 17:00:00,261.0082095, -2.2820129
2023-Aug-17 18:00:00,263.1087464, -2.2639977
2023-Aug-17 19:00:00,265.2094407, -2.2429407
2023-Aug-17 20:00:00,267.3102799, -2.2188696
2023-Aug-17 21:00:00,269.4112517, -2.1918160
2023-Aug-17 22:00:00,271.5123436, -2.1618155
2023-Aug-17 23:00:00,273.6135432, -2.1289079
2023-Aug-18 00:00:00,275.7148382, -2.0931369
2023-Aug-18 01:00:00,277.8162163, -2.0545500
2023-Aug-18 02:00:00,279.9176657, -2.0131987
2023-Aug-18 03:00:00,282.0191745, -1.9691382
2023-Aug-18 04:00:00,284.1207314, -1.9224274
2023-Aug-18 05:00:00,286.2223254, -1.8731289
2023-Aug-18 06:00:00,288.3239462, -1.8213087
2023-Aug-18 07:00:00,290.4255841, -1.7670364
2023-Aug-18 08:00:00,292.5272298, -1.7103849
2023-Aug-18 09:00:00,294.6288750, -1.6514301
2023-Aug-18 10:00:00,296.7305117, -1.5902515
2023-Aug-18 11:00:00,298.8321331, -1.5269313
2023-Aug-18 12:00:00,300.9337329, -1.4615546
2023-Aug-18 13:00:00,303.0353056, -1.3942094
2023-Aug-18 14:00:00,305.1368465, -1.3249865
2023-Aug-18 15:00:00,307.2383518, -1.2539790
2023-Aug-18 16:00:00,309.3398185, -1.1812825
2023-Aug-18 17:00:00,311.4412444, -1.1069949
2023-Aug-18 18:00:00,313.5426280, -1.0312163
2023-Aug-18 19:00:00,315.6439688, -0.9540488
2023-Aug-18 20:00:00,317.7452670, -0.8755963
2023-Aug-18 21:00:00,319.8465235, -0.7959644
2023-Aug-18 22:00:00,321.9477400, -0.7152604
2023-Aug-18 23:00:00,324.0489185, -0.6335931
2023-Aug-19 00:00:00,326.1500619, -0.5510724
2023-Aug-19 01:00:00,328.2511730, -0.4678095
2023-Aug-19 02:00:00,330.3522552, -0.3839165
2023-Aug-19 03:00:00,332.4533117, -0.2995065
2023-Aug-19 04:00:00,334.5543459, -0.2146932
2023-Aug-19 05:00:00,336.6553611, -0.1295910
2023-Aug-19 06:00:00,338.7563602, -0.0443145
2023-Aug-19 07:00:00,340.8573462,  0.0410214
2023-Aug-19 08:00:00,342.9583214,  0.1263015
2023-Aug-19 09:00:00,345.0592881,  0.2114110
2023-Aug-19 10:00:00,347.1602481,  0.2962351
2023-Aug-19 11:00:00,349.2612029,  0.3806594
2023-Aug-19 12:00:00,351.3621536,  0.4645701
2023-Aug-19 13:00:00,353.4631007,  0.5478541
2023-Aug-19 14:00:00,355.5640446,  0.6303991
2023-Aug-19 15:00:00,357.6649849,  0.7120938
2023-Aug-19 16:00:00,359.7659210,  0.7928282
2023-Aug-19 17:00:00,  1.8668515,  0.8724935
2023-Aug-19 18:00:00,  3.9677748,  0.9509823
2023-Aug-19 19:00:00,  6.0686886,  1.0281888
2023-Aug-19 20:00:00,  8.1695903,  1.1040092
2023-Aug-19 21:00:00, 10.2704765,  1.1783414
2023-Aug-19 22:00:00, 12.3713436,  1.2510853
2023-Aug-19 23:00:00, 14.4721875,  1.3221431
2023-Aug-20 00:00:00, 16.5730038,  1.3914192
2023-Aug-20 01:00:00, 18.6737875,  1.4588206
2023-Aug-20 02:00:00, 20.7745337,  1.5242568
2023-Aug-20 03:00:00, 22.8752368,  1.5876399
2023-Aug-20 04:00:00, 24.9758913,  1.6488850
2023-Aug-20 05:00:00, 27.0764908,  1.7079099
2023-Aug-20 06:00:00, 29.1770290,  1.7646356
2023-Aug-20 07:00:00, 31.2774987,  1.8189863
2023-Aug-20 08:00:00, 33.3778922,  1.8708893
2023-Aug-20 09:00:00, 35.4782013,  1.9202753
2023-Aug-20 10:00:00, 37.5784173,  1.9670785
2023-Aug-20 11:00:00, 39.6785312,  2.0112364
2023-Aug-20 12:00:00, 41.7785335,  2.0526904
2023-Aug-20 13:00:00, 43.8784144,  2.0913854
2023-Aug-20 14:00:00, 45.9781642,  2.1272702
2023-Aug-20 15:00:00, 48.0777729,  2.1602972
2023-Aug-20 16:00:00, 50.1772306,  2.1904230
2023-Aug-20 17:00:00, 52.2765274,  2.2176080
2023-Aug-20 18:00:00, 54.3756534,  2.2418165
2023-Aug-20 19:00:00, 56.4745990,  2.2630170
2023-Aug-20 20:00:00, 58.5733548,  2.2811820
2023-Aug-20 21:00:00, 60.6719115,  2.2962881
2023-Aug-20 22:00:00, 62.7702601,  2.3083160
2023-Aug-20 23:00:00, 64.8683921,  2.3172506
2023-Aug-21 00:00:00, 66.9662992,  2.3230811
2023-Aug-21 01:00:00, 69.0639735,  2.3258006
2023-Aug-21 02:00:00, 71.1614077,  2.3254066
2023-Aug-21 03:00:00, 73.2585948,  2.3219006
2023-Aug-21 04:00:00, 75.3555282,  2.3152886
2023-Aug-21 05:00:00, 77.4522022,  2.3055802
2023-Aug-21 06:00:00, 79.5486112,  2.2927897
2023-Aug-21 07:00:00, 81.6447504,  2.2769351
2023-Aug-21 08:00:00, 83.7406156,  2.2580388
2023-Aug-21 09:00:00, 85.8362030,  2.2361268
2023-Aug-21 10:00:00, 87.9315097,  2.2112297
2023-Aug-21 11:00:00, 90.0265333,  2.1833815
2023-Aug-21 12:00:00, 92.1212720,  2.1526203
2023-Aug-21 13:00:00, 94.2157246,  2.1189883
2023-Aug-21 14:00:00, 96.3098909,  2.0825311
2023-Aug-21 15:00:00, 98.4037710,  2.0432982
2023-Aug-21 16:00:00,100.4973658,  2.0013427
2023-Aug-21 17:00:00,102.5906771,  1.9567215
2023-Aug-21 18:00:00,104.6837072,  1.9094945
2023-Aug-21 19:00:00,106.7764591,  1.8597256
2023-Aug-21 20:00:00,108.8689365,  1.8074816
2023-Aug-21 21:00:00,110.9611439,  1.7528328
2023-Aug-21 22:00:00,113.0530863,  1.6958524
2023-Aug-21 23:00:00,115.1447696,  1.6366168
2023-Aug-22 00:00:00,117.2362003,  1.5752053
2023-Aug-22 01:00:00,119.3273854,  1.5117001
2023-Aug-22 02:00:00,121.4183328,  1.4461860
2023-Aug-22 03:00:00,123.5090510,  1.3787504
2023-Aug-22 04:00:00,125.5995492,  1.3094834
2023-Aug-22 05:00:00,127.6898369,  1.2384773
2023-Aug-22 06:00:00,129.7799248,  1.1658266
2023-Aug-22 07:00:00,131.8698239,  1.0916281
2023-Aug-22 08:00:00,133.9595461,  1.0159805
2023-Aug-22 09:00:00,136.0491040,  0.9389843
2023-Aug-22 10:00:00,138.1385107,  0.8607418
2023-Aug-22 11:00:00,140.2277803,  0.7813570
2023-Aug-22 12:00:00,142.3169274,  0.7009351
2023-Aug-22 13:00:00,144.4059672,  0.6195829
2023-Aug-22 14:00:00,146.4949155,  0.5374084
2023-Aug-22 15:00:00,148.5837879,  0.4545203
2023-Aug-22 16:00:00,150.6726008,  0.3710287
2023-Aug-22 17:00:00,152.7613703,  0.2870441
2023-Aug-22 18:00:00,154.8501127,  0.2026779
2023-Aug-22 19:00:00,156.9388444,  0.1180419
2023-Aug-22 20:00:00,159.0275818,  0.0332483
2023-Aug-22 21:00:00,161.1163414, -0.0515906
2023-Aug-22 22:00:00,163.2051398, -0.1363624
2023-Aug-22 23:00:00,165.2939936, -0.2209546
2023-Aug-23 00:00:00,167.3829193, -0.3052553
2023-Aug-23 01:00:00,169.4719336, -0.3891525
2023-Aug-23 02:00:00,171.5610527, -0.4725350
2023-Aug-23 03:00:00,173.6502931, -0.5552923
2023-Aug-23 04:00:00,175.7396707, -0.6373145
2023-Aug-23 05:00:00,177.8292015, -0.7184927
2023-Aug-23 06:00:00,179.9189009, -0.7987192
2023-Aug-23 07:00:00,182.0087842, -0.8778874
2023-Aug-23 08:00:00,184.0988659, -0.9558919
2023-Aug-23 09:00:00,186.1891605, -1.0326292
2023-Aug-23 10:00:00,188.2796816, -1.1079969
2023-Aug-23 11:00:00,190.3704422, -1.1818948
2023-Aug-23 12:00:00,192.4614549, -1.2542243
2023-Aug-23 13:00:00,194.5527314, -1.3248889
2023-Aug-23 14:00:00,196.6442827, -1.3937942
2023-Aug-23 15:00:00,198.7361190, -1.4608482
2023-Aug-23 16:00:00,200.8282498, -1.5259611
2023-Aug-23 17:00:00,202.9206833, -1.5890456
2023-Aug-23 18:00:00,205.0134272, -1.6500172
2023-Aug-23 19:00:00,207.1064881, -1.7087940
2023-Aug-23 20:00:00,209.1998714, -1.7652970
2023-Aug-23 21:00:00,211.2935818, -1.8194500
2023-Aug-23 22:00:00,213.3876227, -1.8711800
2023-Aug-23 23:00:00,215.4819966, -1.9204172
2023-Aug-24 00:00:00,217.5767047, -1.9670950
2023-Aug-24 01:00:00,219.6717472, -2.0111500
2023-Aug-24 02:00:00,221.7671233, -2.0525225
2023-Aug-24 03:00:00,223.8628309, -2.0911562
2023-Aug-24 04:00:00,225.9588669, -2.1269983
2023-Aug-24 05:00:00,228.0552272, -2.1600000
2023-Aug-24 06:00:00,230.1519063, -2.1901159
2023-Aug-24 07:00:00,232.2488981, -2.2173046
2023-Aug-24 08:00:00,234.3461952, -2.2415287
2023-Aug-24 09:00:00,236.4437894, -2.2627546
2023-Aug-24 10:00:00,238.5416715, -2.2809528
2023-Aug-24 11:00:00,240.6398315, -2.2960978
2023-Aug-24 12:00:00,242.7382586, -2.3081682
2023-Aug-24 13:00:00,244.8369415, -2.3171468
2023-Aug-24 14:00:00,246.9358680, -2.3230205
2023-Aug-24 15:00:00,249.0350257, -2.3257804
2023-Aug-24 16:00:00,251.1344016, -2.3254218
2023-Aug-24 17:00:00,253.2339827, -2.3219443
2023-Aug-24 18:00:00,255.3337557, -2.3153517
2023-Aug-24 19:00:00,257.4337073, -2.3056519
2023-Aug-24 20:00:00,259.5338243, -2.2928571
2023-Aug-24 21:00:00,261.6340934, -2.2769838
2023-Aug-24 22:00:00,263.7345016, -2.2580526
2023-Aug-24 23:00:00,265.8350357, -2.2360882
2023-Aug-25 00:00:00,267.9356826, -2.2111194
2023-Aug-25 01:00:00,270.0364291, -2.1831794
2023-Aug-25 02:00:00,272.1372622, -2.1523050
2023-Aug-25 03:00:00,274.2381691, -2.1185374
2023-Aug-25 04:00:00,276.3391370, -2.0819214
2023-Aug-25 05:00:00,278.4401538, -2.0425061
2023-Aug-25 06:00:00,280.5412077, -2.0003439
2023-Aug-25 07:00:00,282.6422873, -1.9554914
2023-Aug-25 08:00:00,284.7433820, -1.9080086
2023-Aug-25 09:00:00,286.8444818, -1.8579592
2023-Aug-25 10:00:00,288.9455774, -1.8054103
2023-Aug-25 11:00:00,291.0466601, -1.7504325
2023-Aug-25 12:00:00,293.1477222, -1.6930997
2023-Aug-25 13:00:00,295.2487567, -1.6334888
2023-Aug-25 14:00:00,297.3497574, -1.5716801
2023-Aug-25 15:00:00,299.4507191, -1.5077566
2023-Aug-25 16:00:00,301.5516372, -1.4418043
2023-Aug-25 17:00:00,303.6525083, -1.3739119
2023-Aug-25 18:00:00,305.7533297, -1.3041707
2023-Aug-25 19:00:00,307.8540996, -1.2326747
2023-Aug-25 20:00:00,309.9548172, -1.1595199
2023-Aug-25 21:00:00,312.0554825, -1.0848047
2023-Aug-25 22:00:00,314.1560963, -1.0086298
2023-Aug-25 23:00:00,316.2566602, -0.9310975
2023-Aug-26 00:00:00,318.3571765, -0.8523122
2023-Aug-26 01:00:00,320.4576481, -0.7723799
2023-Aug-26 02:00:00,322.5580785, -0.6914080
2023-Aug-26 03:00:00,324.6584713, -0.6095056
2023-Aug-26 04:00:00,326.7588306, -0.5267829
2023-Aug-26 05:00:00,328.8591604, -0.4433511
2023-Aug-26 06:00:00,330.9594648, -0.3593226
2023-Aug-26 07:00:00,333.0597479, -0.2748105
2023-Aug-26 08:00:00,335.1600136, -0.1899285
2023-Aug-26 09:00:00,337.2602655, -0.1047910
2023-Aug-26 10:00:00,339.3605073, -0.0195126
2023-Aug-26 11:00:00,341.4607422,  0.0657918
2023-Aug-26 12:00:00,343.5609733,  0.1510074
2023-Aug-26 13:00:00,345.6612030,  0.2360195
2023-Aug-26 14:00:00,347.7614340,  0.3207134
2023-Aug-26 15:00:00,349.8616683,  0.4049751
2023-Aug-26 16:00:00,351.9619073,  0.4886912
2023-Aug-26 17:00:00,354.0621524,  0.5717489
2023-Aug-26 18:00:00,356.1624043,  0.6540362
2023-Aug-26 19:00:00,358.2626635,  0.7354424
2023-Aug-26 20:00:00,  0.3629297,  0.8158579
2023-Aug-26 21:00:00,  2.4632026,  0.8951744
2023-Aug-26 22:00:00,  4.5634810,  0.9732851
2023-Aug-26 23:00:00,  6.6637636,  1.0500849
2023-Aug-27 00:00:00,  8.7640485,  1.1254704
2023-Aug-27 01:00:00, 10.8643334,  1.1993403
2023-Aug-27 02:00:00, 12.9646158,  1.2715952
2023-Aug-27 03:00:00, 15.0648928,  1.3421380
2023-Aug-27 04:00:00, 17.1651612,  1.4108739
2023-Aug-27 05:00:00, 19.2654173,  1.4777106
2023-Aug-27 06:00:00, 21.3656574,  1.5425585
2023-Aug-27 07:00:00, 23.4658768,  1.6053304
2023-Aug-27 08:00:00, 25.5660707,  1.6659422
2023-Aug-27 09:00:00, 27.6662333,  1.7243127
2023-Aug-27 10:00:00, 29.7663583,  1.7803637
2023-Aug-27 11:00:00, 31.8664389,  1.8340202
2023-Aug-27 12:00:00, 33.9664676,  1.8852104
2023-Aug-27 13:00:00, 36.0664366,  1.9338660
2023-Aug-27 14:00:00, 38.1663377,  1.9799220
2023-Aug-27 15:00:00, 40.2661622,  2.0233169
2023-Aug-27 16:00:00, 42.3659014,  2.0639931
2023-Aug-27 17:00:00, 44.4655464,  2.1018965
2023-Aug-27 18:00:00, 46.5650880,  2.1369767
2023-Aug-27 19:00:00, 48.6645172,  2.1691873
2023-Aug-27 20:00:00, 50.7638247,  2.1984858
2023-Aug-27 21:00:00, 52.8630015,  2.2248335
2023-Aug-27 22:00:00, 54.9620384,  2.2481959
2023-Aug-27 23:00:00, 57.0609264,  2.2685424
2023-Aug-28 00:00:00, 59.1596566,  2.2858465
2023-Aug-28 01:00:00, 61.2582206,  2.3000857
2023-Aug-28 02:00:00, 63.3566099,  2.3112420
2023-Aug-28 03:00:00, 65.4548161,  2.3193012
2023-Aug-28 04:00:00, 67.5528314,  2.3242534
2023-Aug-28 05:00:00, 69.6506483,  2.3260928
2023-Aug-28 06:00:00, 71.7482593,  2.3248179
2023-Aug-28 07:00:00, 73.8456577,  2.3204314
2023-Aug-28 08:00:00, 75.9428368,  2.3129399
2023-Aug-28 09:00:00, 78.0397906,  2.3023545
2023-Aug-28 10:00:00, 80.1365133,  2.2886901
2023-Aug-28 11:00:00, 82.2329998,  2.2719661
2023-Aug-28 12:00:00, 84.3292453,  2.2522056
2023-Aug-28 13:00:00, 86.4252456,  2.2294359
2023-Aug-28 14:00:00, 88.5209969,  2.2036884
2023-Aug-28 15:00:00, 90.6164961,  2.1749982
2023-Aug-28 16:00:00, 92.7117405,  2.1434046
2023-Aug-28 17:00:00, 94.8067281,  2.1089504
2023-Aug-28 18:00:00, 96.9014575,  2.0716826
2023-Aug-28 19:00:00, 98.9959278,  2.0316516
2023-Aug-28 20:00:00,101.0901387,  1.9889115
2023-Aug-28 21:00:00,103.1840906,  1.9435200
2023-Aug-28 22:00:00,105.2777846,  1.8955384
2023-Aug-28 23:00:00,107.3712224,  1.8450313
2023-Aug-29 00:00:00,109.4644061,  1.7920666
2023-Aug-29 01:00:00,111.5573388,  1.7367154
2023-Aug-29 02:00:00,113.6500241,  1.6790521
2023-Aug-29 03:00:00,115.7424661,  1.6191540
2023-Aug-29 04:00:00,117.8346700,  1.5571012
2023-Aug-29 05:00:00,119.9266412,  1.4929770
2023-Aug-29 06:00:00,122.0183861,  1.4268669
2023-Aug-29 07:00:00,124.1099117,  1.3588593
2023-Aug-29 08:00:00,126.2012256,  1.2890452
2023-Aug-29 09:00:00,128.2923364,  1.2175175
2023-Aug-29 10:00:00,130.3832533,  1.1443717
2023-Aug-29 11:00:00,132.4739864,  1.0697053
2023-Aug-29 12:00:00,134.5645466,  0.9936176
2023-Aug-29 13:00:00,136.6549455,  0.9162100
2023-Aug-29 14:00:00,138.7451955,  0.8375854
2023-Aug-29 15:00:00,140.8353094,  0.7578484
2023-Aug-29 16:00:00,142.9253008,  0.6771048
2023-Aug-29 17:00:00,145.0151832,  0.5954620
2023-Aug-29 18:00:00,147.1049706,  0.5130284
2023-Aug-29 19:00:00,149.1946772,  0.4299134
2023-Aug-29 20:00:00,151.2843175,  0.3462275
2023-Aug-29 21:00:00,153.3739060,  0.2620817
2023-Aug-29 22:00:00,155.4634577,  0.1775876
2023-Aug-29 23:00:00,157.5529877,  0.0928574
2023-Aug-30 00:00:00,159.6425112,  0.0080035
2023-Aug-30 01:00:00,161.7320436, -0.0768615
2023-Aug-30 02:00:00,163.8216006, -0.1616251
2023-Aug-30 03:00:00,165.9111979, -0.2461747
2023-Aug-30 04:00:00,168.0008511, -0.3303981
2023-Aug-30 05:00:00,170.0905759, -0.4141837
2023-Aug-30 06:00:00,172.1803880, -0.4974201
2023-Aug-30 07:00:00,174.2703029, -0.5799970
2023-Aug-30 08:00:00,176.3603359, -0.6618046
2023-Aug-30 09:00:00,178.4505020, -0.7427342
2023-Aug-30 10:00:00,180.5408160, -0.8226785
2023-Aug-30 11:00:00,182.6312923, -0.9015309
2023-Aug-30 12:00:00,184.7219449, -0.9791868
2023-Aug-30 13:00:00,186.8127873, -1.0555426
2023-Aug-30 14:00:00,188.9038323, -1.1304969
2023-Aug-30 15:00:00,190.9950924, -1.2039497
2023-Aug-30 16:00:00,193.0865793, -1.2758030
2023-Aug-30 17:00:00,195.1783038, -1.3459610
2023-Aug-30 18:00:00,197.2702764, -1.4143300
2023-Aug-30 19:00:00,199.3625064, -1.4808186
2023-Aug-30 20:00:00,201.4550024, -1.5453378
2023-Aug-30 21:00:00,203.5477722, -1.6078013
2023-Aug-30 22:00:00,205.6408226, -1.6681253
2023-Aug-30 23:00:00,207.7341595, -1.7262288
2023-Aug-31 00:00:00,209.8277876, -1.7820338
2023-Aug-31 01:00:00,211.9217111, -1.8354652
2023-Aug-31 02:00:00,214.0159326, -1.8864509
2023-Aug-31 03:00:00,216.1104538, -1.9349223
2023-Aug-31 04:00:00,218.2052758, -1.9808138
2023-Aug-31 05:00:00,220.3003981, -2.0240633
2023-Aug-31 06:00:00,222.3958195, -2.0646121
2023-Aug-31 07:00:00,224.4915376, -2.1024053
2023-Aug-31 08:00:00,226.5875491, -2.1373914
2023-Aug-31 09:00:00,228.6838496, -2.1695227
2023-Aug-31 10:00:00,230.7804338, -2.1987552
2023-Aug-31 11:00:00,232.8772955, -2.2250489
2023-Aug-31 12:00:00,234.9744276, -2.2483677
2023-Aug-31 13:00:00,237.0718222, -2.2686793
2023-Aug-31 14:00:00,239.1694707, -2.2859557
2023-Aug-31 15:00:00,241.2673639, -2.3001727
2023-Aug-31 16:00:00,243.3654918, -2.3113103
2023-Aug-31 17:00:00,245.4638441, -2.3193527
2023-Aug-31 18:00:00,247.5624102, -2.3242882
2023-Aug-31 19:00:00,249.6611790, -2.3261093
2023-Aug-31 20:00:00,251.7601395, -2.3248127
2023-Aug-31 21:00:00,253.8592805, -2.3203993
2023-Aug-31 22:00:00,255.9585907, -2.3128742
2023-Aug-31 23:00:00,258.0580587, -2.3022468
2023-Sep-01 00:00:00,260.1576730, -2.2885306
